2
8
	 -0.0802   0.1822   0.6112   0.4976  -0.0154  -0.9999   0.1810
	 -0.0190  -0.2728   0.7337   0.4988  -0.0077  -1.0000  -0.2729
	  0.1040  -0.0418   0.5395   0.5688   0.4189  -0.9081  -0.0816
	  0.2859   0.1845   0.2589   0.8288  -0.8799  -0.4751   0.3393
	 -0.0191   0.2968   0.4893   0.9998  -0.0014  -1.0000   0.2968
	 -0.3243   0.2392   0.1686   0.1204   0.6864  -0.7273   0.3966
	 -0.0813  -0.0453   0.7596   0.1017   0.5964  -0.8027   0.0121
	  0.1024  -0.2135   0.5024   0.9633  -0.2283  -0.9736  -0.1845
1 1
000000ff 

7
5
	  0.1288  -0.0833   0.8464   0.6303   0.7304  -0.6830  -0.1510
	 -0.1554   0.1335   0.5744   0.4790  -0.1314  -0.9913   0.1119
	 -0.4375   0.1977   0.0622   0.2450   0.9995  -0.0314   0.4435
	 -0.0156  -0.1477   0.5757   0.1696   0.8750  -0.4840  -0.0579
	 -0.0121   0.2303   0.8534   0.0015   0.0092  -1.0000   0.2304
1 1
0000001f 

3
12
	 -0.3395  -0.2410   0.1700   0.3766  -0.7001  -0.7140  -0.4097
	  0.1481   0.1753   0.1680   0.3757  -0.7041  -0.7101   0.2288
	 -0.0358   0.0266   0.2497   0.4634  -0.2282  -0.9736   0.0177
	 -0.1586   0.2027   0.4927   0.5193   0.1210  -0.9927   0.2204
	  0.0893  -0.1234   0.2374   0.2507  -1.0000  -0.0041   0.0888
	  0.0261  -0.2746   0.6116   0.5180   0.1131  -0.9936  -0.2758
	 -0.3390   0.2326   0.1741   0.1266   0.7143  -0.6999   0.4049
	 -0.1554  -0.2116   0.4921   0.9823  -0.1107  -0.9939  -0.2275
	  0.2703  -0.0774   0.3543   0.8096  -0.9307  -0.3657   0.2233
	  0.2083   0.1758   0.2376   0.7488   1.0000  -0.0078  -0.2069
	  0.0268   0.0847   0.3695   0.0269   0.1681  -0.9858   0.0790
	 -0.0356   0.2925   0.4860   0.9985  -0.0095  -1.0000   0.2922
1 1
00000fff 

9
14
	 -0.1625  -0.0470   0.4720   0.4491  -0.3142  -0.9494  -0.0957
	 -0.1426   0.1820   0.3458   0.5686   0.4180  -0.9085   0.2249
	  0.2826  -0.0712   0.5067   0.7169   0.9784  -0.2067  -0.2912
	  0.1436  -0.1500   0.1783   0.4519  -0.2977  -0.9547  -0.1004
	 -0.0334  -0.3148   0.5268   0.4997  -0.0016  -1.0000  -0.3149
	 -0.0404  -0.2509   0.5286   0.0415   0.2578  -0.9662  -0.2320
	  0.2192  -0.1852   0.0240   0.0670   0.4086  -0.9127  -0.2586
	 -0.2973   0.1809   0.3536   0.1440   0.7864  -0.6177   0.3456
	  0.1238   0.1810   0.2517   0.4094  -0.5392  -0.8422   0.2192
	  0.1763   0.0378   0.1790   0.1487   0.8042  -0.5943  -0.1193
	 -0.0860   0.0377   0.4483   0.9465  -0.3296  -0.9441   0.0072
	 -0.0872   0.3230   0.2089   0.0007   0.0042  -1.0000   0.3234
	  0.0724   0.3238   0.1037   0.0051   0.0319  -0.9995   0.3213
	  0.2293   0.2516   0.2573   0.9043  -0.5658  -0.8246   0.3372
1 1
00003fff 

6
10
	 -0.2817   0.0720   0.5048   0.2164   0.9778  -0.2098   0.2906
	  0.0362   0.3164   0.5336   0.9981  -0.0120  -0.9999   0.3168
	  0.0924   0.0687   0.6750   0.9499  -0.3099  -0.9508   0.0939
	  0.1450  -0.1801   0.3458   0.0659   0.4021  -0.9156  -0.2232
	 -0.1217  -0.1077   0.3541   0.8543  -0.7930  -0.6092  -0.1621
	  0.0360   0.2484   0.5511   0.5400   0.2484  -0.9687   0.2317
	  0.3057  -0.1809   0.3544   0.6466   0.7963  -0.6049  -0.3529
	 -0.2285  -0.2503   0.2577   0.4070  -0.5517  -0.8340  -0.3348
	  0.0370  -0.0407   0.5531   0.4579  -0.2615  -0.9652  -0.0296
	  0.0369  -0.3249   0.3203   0.4997  -0.0020  -1.0000  -0.3248
1 1
000003ff 

5
11
	  0.3349  -0.1285   0.2399   0.7505  -1.0000  -0.0030   0.3345
	 -0.1446   0.1080   0.1570   0.8679  -0.7381  -0.6747  -0.0338
	  0.1222   0.0219   0.4316   0.9792  -0.1302  -0.9915   0.0376
	  0.0176   0.2879   0.6378   0.9995  -0.0029  -1.0000   0.2879
	 -0.0896  -0.2170   0.4314   0.9795  -0.1282  -0.9917  -0.2267
	 -0.3031   0.1412   0.2954   0.2500  -1.0000  -0.0002  -0.3031
	 -0.2505  -0.2465   0.1600   0.3662  -0.7452  -0.6668  -0.3511
	  0.0701  -0.2766   0.5353   0.5185   0.1162  -0.9932  -0.2828
	  0.1239  -0.1269   0.2378   0.2530  -0.9998  -0.0189   0.1215
	  0.0704   0.2280   0.5454   0.5362   0.2253  -0.9743   0.2063
	 -0.0917  -0.0062   0.4257   0.5022   0.0136  -0.9999  -0.0049
1 1
000007ff 

0
15
	 -0.1617   0.0682   0.3939   0.7180   0.9799  -0.1997   0.1720
	 -0.1220  -0.1863   0.2078   0.8981  -0.5974  -0.8020  -0.2223
	  0.2128  -0.2506   0.2121   0.6040   0.6077  -0.7942  -0.3283
	  0.0454  -0.3148   0.1670   0.5000   0.0000  -1.0000  -0.3148
	 -0.0784  -0.3148   0.0820   0.4979  -0.0132  -0.9999  -0.3158
	 -0.2024  -0.2492   0.2146   0.3983  -0.5963  -0.8028  -0.3207
	  0.2982   0.0059   0.3775   0.7517  -0.9999  -0.0105   0.2983
	  0.2163   0.2607   0.2129   0.9004  -0.5856  -0.8106   0.3380
	  0.2117   0.0055   0.2596   0.2507  -1.0000  -0.0043   0.2117
	  0.0895  -0.1873   0.2810   0.0728   0.4418  -0.8971  -0.2076
	  0.0460   0.1961   0.3553   0.4390  -0.3741  -0.9274   0.1991
	 -0.2874   0.0064   0.3813   0.2525  -0.9999  -0.0159  -0.2872
	 -0.2245   0.2428   0.1567   0.1031   0.6032  -0.7976   0.3291
	 -0.1401   0.3057   0.0561   0.1033   0.6046  -0.7965   0.3282
	  0.0041   0.3253   0.2488   0.9974  -0.0161  -0.9999   0.3254
1 1
00007fff 

1
7
	  0.0318  -0.2491   0.9117   0.4986  -0.0089  -1.0000  -0.2488
	  0.1279   0.0998   0.4632   0.7496   1.0000  -0.0023  -0.1277
	  0.3097  -0.1902   0.3755   0.9509  -0.3036  -0.9528  -0.0872
	 -0.2416  -0.1920   0.3872   0.0481   0.2975  -0.9547  -0.1115
	 -0.1499   0.3022   0.5589   0.0149   0.0938  -0.9956   0.3149
	 -0.0568   0.0146   0.2890   0.2471   0.9998  -0.0181   0.0571
	 -0.2409   0.2157   0.3885   0.4518  -0.2985  -0.9544   0.1340
1 1
0000007f 

,
3
	  0.1934  -0.0415   0.9494   0.6080   0.6275  -0.7786  -0.1537
	  0.1588   0.3084   0.7985   0.9975  -0.0160  -0.9999   0.3109
	 -0.2413  -0.0014   0.6195   0.2431   0.9991  -0.0433   0.2410
1 1
00000007 

4
9
	 -0.2409   0.0474   0.5999   0.1308   0.7324  -0.6809   0.2087
	 -0.1537  -0.0268   0.1524   0.9359  -0.3919  -0.9200  -0.0849
	  0.0390   0.3402   0.2101   0.1261   0.7121  -0.7021   0.2111
	 -0.0012   0.0812   0.3295   0.2504  -1.0000  -0.0024  -0.0010
	  0.2266   0.1651   0.5467   0.8181  -0.9097  -0.4152   0.2747
	 -0.2266  -0.1654   0.4511   0.5008   0.0051  -1.0000  -0.1643
	 -0.1118   0.1242   0.3336   0.6289   0.7242  -0.6896   0.1666
	  0.2811  -0.2486   0.3478   0.6982   0.9476  -0.3196  -0.3458
	  0.1143  -0.2903   0.3320   0.3658  -0.7470  -0.6648  -0.1076
1 1
000001ff 

8
12
	  0.3149   0.0236   0.5831   0.7796  -0.9827  -0.1850   0.3138
	  0.0591  -0.2970   0.6203   0.5163   0.1021  -0.9948  -0.3015
	 -0.0422  -0.0101   0.4109   0.5023   0.0143  -0.9999  -0.0095
	 -0.0409   0.2451   0.4087   0.5024   0.0153  -0.9999   0.2457
	  0.2132  -0.1069   0.2154   0.3320  -0.8701  -0.4928   0.1329
	  0.1622   0.1517   0.1923   0.2494   1.0000  -0.0036  -0.1616
	 -0.2471  -0.0139   0.6395   0.2445   0.9994  -0.0347   0.2464
	  0.0104   0.3123   0.5127   0.0020   0.0129  -0.9999   0.3121
	  0.0056   0.0568   0.3074   1.0019   0.0118  -0.9999   0.0567
	 -0.1984   0.1470   0.2137   0.8331  -0.8666  -0.4989  -0.0986
	  0.0621  -0.2299   0.4121   0.0263   0.1644  -0.9864  -0.2369
	 -0.2001  -0.1367   0.2746   0.8114  -0.9264  -0.3765  -0.2369
1 1
00000fff 

